CPU no USED,Agents,vCPU,CPU USED,Time
16.3333333333,1,1,83.6666666667,11.274
34,1,2,61.4615384615,12.418
62.5,1,4,37.75,7.647
76.3,1,6,22.1,9.466
81,1,8,18.6666666667,5.708
84.3333333333,1,10,14.8888888889,8.748
90.75,1,16,9.375,7.542
19,2,1,81,14.733
27,2,2,73.0833333333,11.61
57.5555555556,2,4,42.4444444444,8.687
70.875,2,6,29,7.857
81.25,2,8,18.75,7.388
83.6666666667,2,10,16.4444444444,8.284
89.75,2,16,10,7.636
10.25,3,1,89.75,15.849
22.8461538462,3,2,77.4615384615,12.94
55.6363636364,3,4,44.3636363636,10.312
70.1,3,6,29.6,9.076
78.625,3,8,21.375,7.515
82.4,3,10,17.5,9.169
88.8888888889,3,16,11.2222222222,8.369
10.6842105263,4,1,89.3157894737,18.609
25.7333333333,4,2,74.4666666667,14.335
55.1666666667,4,4,44.8333333333,11.259
66,4,6,33.8,9.9
77.2222222222,4,8,22.8888888889,8.556
80.8,4,10,19.3,9.828
88.8,4,16,11.5,9.77
7.2105263158,5,1,92.7894736842,19.086
28.4666666667,5,2,71.6666666667,14.847
55.2307692308,5,4,45,12.576
66.8181818182,5,6,33,10.786
77.8888888889,5,8,22.1111111111,8.241
79.8181818182,5,10,20.1818181818,10.889
88.75,5,16,11.25,11.564
6.2173913043,6,1,93.7391304348,22.992
26.2,6,2,74,19.645
54.4666666667,6,4,45.6666666667,14.39
65.6923076923,6,6,34.2307692308,12.733
75.3333333333,6,8,24.5555555556,9.016
79.4615384615,6,10,20.5384615385,12.67
89.1428571429,6,16,10.9285714286,13.044
23.5238095238,7,2,76.6666666667,21.009
51.25,7,4,49.25,15.903
67.0666666667,7,6,32.9333333333,14.146
77.2,7,8,22.8,9.317
83.8421052632,7,10,16.2631578947,18.739
87.2142857143,7,16,12.8571428571,14.018
26,8,2,74.125,23.607
54.8421052632,8,4,45.2631578947,18.604
67.375,8,6,32.3125,15.712
77.9090909091,8,8,21.9090909091,10.703
81.8235294118,8,10,18.2352941176,16.432
88,8,16,12.25,15.774
5.7307692308,9,1,94.3076923077,26.191
24.875,9,2,75.5,23.663
53.9523809524,9,4,46.0476190476,20.161
67.1111111111,9,6,33.0555555556,17.995
75.4545454545,9,8,24.2727272727,10.751
79.1176470588,9,10,20.9411764706,16.737
88.2222222222,9,16,11.8333333333,17.096
5.4642857143,10,1,94.5357142857,28.095
22.6785714286,10,2,77.3928571429,27.997
52.9523809524,10,4,47.3333333333,20.541
65.8421052632,10,6,34.2631578947,18.762
75,10,8,25.1818181818,10.752
78.7222222222,10,10,21.3888888889,17.923
87,10,16,12.9444444444,17.574
7.65625,11,1,92.375,31.349
21.6551724138,11,2,78.6206896552,28.595
50.2272727273,11,4,49.8181818182,21.864
65.55,11,6,34.6,19.516
76.5384615385,11,8,23.4615384615,12.19
79,11,10,21.15,19.688
87.3684210526,11,16,12.5789473684,18.114
6.4333333333,12,1,93.6,29.417
21,12,2,79.2258064516,30.557
50.6956521739,12,4,49.4347826087,22.805
64.6818181818,12,6,35.4545454545,21.34
74.3076923077,12,8,25.6153846154,12.923
78.619047619,12,10,21.4285714286,20.543
86.2631578947,12,16,14,18.963
7.0833333333,13,1,92.8888888889,35.543
20.7096774194,13,2,79.4838709677,30.327
49.9166666667,13,4,50.125,23.524
67.96,13,6,32,24.118
74.7857142857,13,8,25.1428571429,13.621
77.6818181818,13,10,22.1363636364,21.379
86.0454545455,13,16,14.0454545455,21.641
5.3243243243,14,1,94.6756756757,36.558
20.5714285714,14,2,79.7428571429,34.256
48.2692307692,14,4,51.7307692308,25.745
62.6666666667,14,6,37.25,23.595
74.3333333333,14,8,25.7333333333,14.923
78.1739130435,14,10,21.8695652174,22.132
86.1363636364,14,16,13.9545454545,21.329
4.9473684211,15,1,95.0263157895,37.539
19.2,15,2,81,34.454
46.4814814815,15,4,53.7407407407,26.887
63.48,15,6,36.56,24.409
75.375,15,8,24.5625,15.582
76.9130434783,15,10,23.0869565217,22.659
85.7826086957,15,16,14.3043478261,22.419
4.275,16,1,95.7,39.823
18.2368421053,16,2,82.1578947368,37.335
43.2571428571,16,4,56.6571428571,34.252
58.48,16,6,41.48,24.846
75.1764705882,16,8,24.7647058824,16.241
76.32,16,10,23.68,24.834
84.75,16,16,15.375,23.887
3.6666666667,17,1,96.3333333333,44.913
15.825,17,2,84.525,40.135
44.65625,17,4,55.375,31.145
59.3703703704,17,6,40.6296296296,26.67
75.2352941176,17,8,24.8823529412,16.603
75.08,17,10,24.84,24.357
84.5769230769,17,16,15.4615384615,25.35
3.4038461538,18,1,96.5961538462,51.579
12.5416666667,18,2,87.7291666667,47.942
36.8205128205,18,4,63.2564102564,38.792
48.2,18,6,51.8285714286,34.216
75.6315789474,18,8,24.4736842105,18.823
67.3448275862,18,10,32.724137931,29
81.0714285714,18,16,18.9285714286,27.237
1.768115942,19,1,98.231884058,69.024
12.0153846154,19,2,88.2461538462,64.203
28.6111111111,19,4,71.4259259259,53.096
42.4761904762,19,6,57.5476190476,41.06
75.0526315789,19,8,25.1052631579,19.005
60.9189189189,19,10,39.0810810811,36.585
75,19,16,25.125,31.114
2.5833333333,20,1,97.4166666667,71.567
10.4461538462,20,2,89.6923076923,65.046
30,20,4,70.1111111111,53.519
41.7826086957,20,6,58.1956521739,45.085
74.4,20,8,25.65,19.822
60.6944444444,20,10,39.3888888889,35.49
73.65625,20,16,26.53125,31.487
2.32,21,1,97.6933333333,74.527
11.2352941176,21,2,89.0294117647,67.268
28.6896551724,21,4,71.275862069,57.19
39.9782608696,21,6,59.9565217391,45.596
74.6666666667,21,8,25.4285714286,20.373
60.5675675676,21,10,39.5405405405,36.905
74.4571428571,21,16,25.6,34.088
1.8918918919,22,1,98.0945945946,73.894
9.9701492537,22,2,90.3731343284,66.623
29.3684210526,22,4,70.7368421053,56.549
39.12,22,6,60.96,49.502
74.8571428571,22,8,25.1904761905,20.127
60.4736842105,22,10,39.5263157895,37.993
74.5714285714,22,16,25.4285714286,34.666
2.4605263158,23,1,97.5263157895,75.79
9.2054794521,23,2,91.1917808219,73.2
27.5423728814,23,4,72.5423728814,58.96
41.9183673469,23,6,58.0408163265,48.368
74.5,23,8,25.6363636364,21.105
60.4102564103,23,10,39.641025641,38.667
75.2058823529,23,16,24.9117647059,33.294
1.8481012658,24,1,98.1518987342,79.079
9.84,24,2,90.2933333333,74.209
19.7959183673,24,4,80.3265306122,97.646
40.6346153846,24,6,59.2115384615,51.548
73.4090909091,24,8,26.6818181818,21.821
60.4047619048,24,10,39.5714285714,41.291
72.8157894737,24,16,27.1052631579,37.211
1.9523809524,25,1,98.0357142857,83.949
9.7792207792,25,2,90.4285714286,76.354
27.5652173913,25,4,72.5362318841,68.79
40.3703703704,25,6,59.5555555556,53.411
72.9565217391,25,8,27.0434782609,22.944
58.9545454545,25,10,40.9545454545,43.29
73.525,25,16,26.525,39.479
1.7849462366,26,1,98.2150537634,92.737
8.6455696203,26,2,91.5189873418,78.766
28.0845070423,26,4,72.0281690141,70.189
38.0350877193,26,6,61.9649122807,56.545
72.7826086957,26,8,27.2608695652,22.184
58.9111111111,26,10,41.0444444444,44.122
72.5365853659,26,16,27.5365853659,40.205
1.9347826087,27,1,98.0760869565,91.646
10.7023809524,27,2,89.619047619,83.641
26.8783783784,27,4,73.2027027027,73.754
38.1016949153,27,6,61.9830508475,58.215
72.6,27,8,27.48,24.059
56.829787234,27,10,43.1489361702,46.852
72.0243902439,27,16,28.1951219512,40.551
1.9504950495,28,1,98.0396039604,100.789
8.1237113402,28,2,92.1649484536,96.516
26.025,28,4,74,79.567
36.1875,28,6,63.796875,63.213
72.1666666667,28,8,27.8333333333,23.422
56.1176470588,28,10,43.862745098,50.622
70.4418604651,28,16,29.5581395349,42.531
1.4716981132,29,1,98.5283018868,105.988
7.36,29,2,92.91,99.568
22.9069767442,29,4,77.2906976744,85.548
35.4615384615,29,6,64.5384615385,64.336
71.64,29,8,28.32,24.625
53.7058823529,29,10,46.2941176471,50.356
70.4255319149,29,16,29.5531914894,46.273
1.6578947368,30,1,98.3333333333,114.184
7.0495049505,30,2,93.198019802,100.689
21.2826086957,30,4,78.8804347826,91.483
33.8630136986,30,6,66.1780821918,72.291
72,30,8,28.1111111111,26.851
54.5272727273,30,10,45.5272727273,54.685
68.7954545455,30,16,31.2045454545,43.809
1.1221374046,31,1,98.8854961832,130.896
7.3185840708,31,2,92.9734513274,112.197
19.81,31,4,80.27,99.838
31.9090909091,31,6,68.1038961039,76.911
70.6153846154,31,8,29.4230769231,25.521
51.7777777778,31,10,48.2222222222,62.073
66.75,31,16,33.2083333333,47.541
1.2165605096,32,1,98.7579617834,156.808
5.35,32,2,94.9428571429,139.903
15.3233082707,32,4,84.7518796992,132.284
26.3125,32,6,73.6354166667,95.885
70.8461538462,32,8,29.1153846154,25.682
41.5324675325,32,10,58.4675324675,77.026
60.131147541,32,16,39.868852459,60.087
0.3730569948,33,1,99.6165803109,192.881
3.6726190476,33,2,96.5773809524,167.517
13.2785714286,33,4,86.8357142857,139.621
23.2710280374,33,6,76.8037383178,106.569
68.8214285714,33,8,31.2142857143,27.911
40.8846153846,33,10,59,77.059
54.3225806452,33,16,45.6129032258,61.158
0.4,34,1,99.6,179.993
3.8607594937,34,2,96.3417721519,157.55
13.1884057971,34,4,86.847826087,137.125
21.5865384615,34,6,78.4423076923,103.33
69.5185185185,34,8,30.5185185185,26.902
38.2820512821,34,10,61.7051282051,77.664
52.6451612903,34,16,47.3709677419,61.51
0.5260115607,35,1,99.4682080925,172.31
3.8606060606,35,2,96.4606060606,164.86
12.7253521127,35,4,87.3661971831,141.671
21.8288288288,35,6,78.2162162162,110.193
69.9666666667,35,8,30.1333333333,29.765
36.7721518987,35,10,63.2405063291,78.407
51.2,35,16,48.7833333333,59.612
0.3901098901,36,1,99.6043956044,182.104
3.6388888889,36,2,96.6388888889,179.538
12.9407407407,36,4,87.1185185185,134.101
21.2882882883,36,6,78.6666666667,110.396
67.7,36,8,32.1666666667,29.819
37.4285714286,36,10,62.4415584416,76.314
54.6610169492,36,16,45.3898305085,58.293
0.5485714286,37,1,99.4514285714,174.35
3.5636363636,37,2,96.703030303,164.664
12.3605442177,37,4,87.7414965986,146.652
21.3738317757,37,6,78.6074766355,106.236
67.3548387097,37,8,32.6129032258,30.413
40.0704225352,37,10,59.7746478873,70.607
52.7666666667,37,16,47.2,59.266
0.351758794,38,1,99.6432160804,198.776
3.4363636364,38,2,96.9212121212,165.053
21.2636363636,38,6,78.7272727273,109.871
67,38,8,33.0322580645,30.293
37.0779220779,38,10,62.8831168831,76.536
50.0508474576,38,16,49.7796610169,58.604
0.3723404255,39,1,99.6223404255,187.994
3.432748538,39,2,96.8245614035,170.962
12.0709219858,39,4,87.9645390071,140.161
20.9714285714,39,6,79.0285714286,104.378
66.2258064516,39,8,33.6129032258,30.368
34.9375,39,10,64.925,79.078
49.6229508197,39,16,50.3770491803,60.426
0.393258427,40,1,99.606741573,177.909
3.1333333333,40,2,97.1111111111,179.526
12.9565217391,40,4,87.0652173913,137.059
19.9619047619,40,6,79.9523809524,104.988
65.15625,40,8,34.75,31.934
36.3513513514,40,10,63.6486486486,73.067
47.6034482759,40,16,52.224137931,57.628
0.3854748603,41,1,99.5921787709,178.974
3.4787878788,41,2,96.8242424242,164.939
11.7357142857,41,4,88.3714285714,139.222
19.8796296296,41,6,80.1018518519,107.265
61.972972973,41,8,38.0810810811,36.315
36.9473684211,41,10,62.9342105263,75.117
49.3793103448,41,16,50.5862068966,57.731
0.3575129534,42,1,99.6269430052,192.486
3.4096385542,42,2,96.9638554217,166.085
10.8366013072,42,4,89.2156862745,152.338
20.179245283,42,6,79.7735849057,105.289
59.45,42,8,40.5,39.16
35.6973684211,42,10,64.3421052632,75.174
47.1754385965,42,16,52.8070175439,56.81
0.4301675978,43,1,99.5754189944,178.378
3.1402439024,43,2,97.1402439024,164.056
12.4420289855,43,4,87.6376811594,137.457
19.8317757009,43,6,80.1308411215,106.943
57.8372093023,43,8,42.2558139535,42.463
35.2837837838,43,10,64.6351351351,73.118
45.2413793103,43,16,54.775862069,57.716
0.3863636364,44,1,99.6022727273,175.92
3.225,44,2,97.05,159.731
11.7172413793,44,4,88.324137931,144.394
18.8867924528,44,6,81.1981132075,105.815
56.9761904762,44,8,43.0238095238,41.563
34.3086419753,44,10,65.6790123457,80.124
50.2407407407,44,16,49.8518518519,53.656
0.3756906077,45,1,99.6187845304,180.956
3.4873417722,45,2,96.9113924051,157.419
10.1517241379,45,4,89.8689655172,144.75
19.9811320755,45,6,79.9528301887,105.239
56.0465116279,45,8,43.8372093023,42.267
35.2025316456,45,10,64.7594936709,78.337
46.3333333333,45,16,53.6842105263,56.675
0.3655913978,46,1,99.623655914,185.455
3.251497006,46,2,96.9880239521,166.637
10.7866666667,46,4,89.3466666667,149.535
18.4666666667,46,6,81.5047619048,104.454
57.5,46,8,42.5,43.117
34.2051282051,46,10,65.7564102564,77.907
45.0517241379,46,16,54.775862069,57.485
0.5,47,1,99.488372093,171.727
3.0625,47,2,97.2083333333,191.592
10.2925170068,47,4,89.7551020408,146.948
18.2522522523,47,6,81.7027027027,110.135
57.1333333333,47,8,42.8444444444,44.373
33.1282051282,47,10,66.8333333333,77.224
50.7037037037,47,16,49.2222222222,53.37
0.3701657459,48,1,99.6132596685,181.132
3.4144736842,48,2,96.9276315789,151.914
10.7103448276,48,4,89.3103448276,144.251
19.0454545455,48,6,80.9,109.504
55.4782608696,48,8,44.6086956522,45.516
33.0384615385,48,10,66.9358974359,77.05
44.2881355932,48,16,55.7457627119,58.908
0.3435897436,49,1,99.6512820513,194.706
3.3619631902,49,2,97.0061349693,162.859
10.2763157895,49,4,89.8026315789,151.423
19.1308411215,49,6,80.9158878505,106.489
57.2272727273,49,8,42.8181818182,43.749
33.2465753425,49,10,66.6438356164,72.078
44.0172413793,49,16,55.9137931034,57.431
0.3563829787,50,1,99.6436170213,188.014
2.6421052632,50,2,97.6631578947,189.471
10.3464052288,50,4,89.7516339869,152.343
18.7981651376,50,6,81.1559633028,108.453
56,50,8,43.9361702128,46.378
34.3918918919,50,10,65.6216216216,73.938
44.9454545455,50,16,55.0545454545,55.02
0.3267326733,51,1,99.6633663366,201.893
10.5281690141,51,4,89.5633802817,141.818
18.4909090909,51,6,81.4181818182,109.28
56.3636363636,51,8,43.7272727273,43.871
32.8947368421,51,10,67.1052631579,75.83
45.5862068966,51,16,54.3448275862,57.162
0.3666666667,52,1,99.6222222222,179.624
2.5427135678,52,2,97.6934673367,198.802
11.2164179104,52,4,88.8358208955,133.791
18.8818181818,52,6,81.1090909091,109.661
56.375,52,8,43.6875,47.301
35.3289473684,52,10,64.7368421053,75.601
44.2068965517,52,16,55.8275862069,57.278
0.3267326733,53,1,99.6732673267,201.668
2.9705882353,53,2,97.3235294118,169.346
10.475862069,53,4,89.6137931034,144.202
18.5533980583,53,6,81.4466019417,102.17
54.36,53,8,45.66,50.025
33.0253164557,53,10,66.8227848101,78.354
43.5,53,16,56.5,53.221
0.4736842105,54,1,99.5210526316,189.279
3,54,2,97.2916666667,167.165
9.3612903226,54,4,90.6838709677,154.571
17.504587156,54,6,82.4587155963,108.521
54.2745098039,54,8,45.6470588235,50.979
31.7236842105,54,10,68.1973684211,75.742
44.4655172414,54,16,55.4482758621,57.792
0.3494623656,55,1,99.6397849462,186.103
3.0898203593,55,2,97.1976047904,166.397
10.4680851064,55,4,89.524822695,140.595
18.0458715596,55,6,81.9541284404,108.507
53.9215686275,55,8,46.1764705882,50.603
32.2763157895,55,10,67.7236842105,75.733
42.2807017544,55,16,57.7543859649,56.886
0.3571428571,56,1,99.6483516484,181.649
2.8705882353,56,2,97.4470588235,169.077
9.3673469388,56,4,90.7006802721,146.124
17.6886792453,56,6,82.2547169811,105.792
54.8545454545,56,8,45.0727272727,54.21
33.5135135135,56,10,66.527027027,73.279
41.0350877193,56,16,58.8070175439,56.412
0.3106796117,57,1,99.6699029126,205.628
2.5198019802,57,2,97.7574257426,202.113
9.049382716,57,4,91.0061728395,161.963
18,57,6,81.9902912621,102.568
52.0714285714,57,8,47.9464285714,55.847
33.2328767123,57,10,66.6301369863,72.771
44.0566037736,57,16,55.8301886792,52.962
0.3047619048,58,1,99.6904761905,210.077
2.7158469945,58,2,97.5355191257,182.607
9.932885906,58,4,90.1409395973,148.222
17.1926605505,58,6,82.6513761468,108.334
52.4909090909,58,8,47.5454545455,54.461
31.3333333333,58,10,68.4871794872,77.962
42.6607142857,58,16,57.2678571429,55.773
0.32,59,1,99.68,199.566
2.7215909091,59,2,97.4829545455,175.385
9.6883116883,59,4,90.3441558442,153.471
16.5,59,6,83.3518518519,107.108
53.6071428571,59,8,46.5535714286,55.201
31.3866666667,59,10,68.5333333333,74.25
41.1724137931,59,16,58.775862069,57.127
0.4060913706,60,1,99.5837563452,196.488
2.8379888268,60,2,97.4245810056,178.623
9.7622377622,60,4,90.3076923077,142.263
17.7053571429,60,6,82.3125,111.088
52.0175438596,60,8,48.0701754386,56.532
32.2972972973,60,10,67.6756756757,73.606
41.7547169811,60,16,58.2830188679,52.931
0.3014354067,61,1,99.6937799043,208.929
9.6808510638,61,4,90.3971631206,140.709
17.4727272727,61,6,82.5727272727,109.339
52.9830508475,61,8,46.9830508475,58.234
33.1578947368,61,10,66.8421052632,75.135
39.0545454545,61,16,60.9454545455,54.856
0.3214285714,62,1,99.6632653061,195.747
2.4098360656,62,2,97.8524590164,182.839
9.3774834437,62,4,90.6490066225,150.954
17.2432432432,62,6,82.7477477477,110.796
50.4098360656,62,8,49.606557377,60.322
31.641025641,62,10,68.2307692308,77.429
42.3636363636,62,16,57.5454545455,55.007
0.3165829146,63,1,99.6834170854,198.825
2.6847826087,63,2,97.5597826087,183.664
9.1854304636,63,4,90.8675496689,150.212
18.101010101,63,6,81.8080808081,98.232
49.6615384615,63,8,50.4153846154,64.314
31.5211267606,63,10,68.3802816901,70.612
42.5178571429,63,16,57.5,55.065
0.2831050228,64,1,99.703196347,218.591
2.4722222222,64,2,97.75,179.714
8.85,64,4,91.1625,159.121
16.6880733945,64,6,83.2385321101,108.207
48.0447761194,64,8,51.9253731343,66.908
32,64,10,67.9480519481,76.343
41.7636363636,64,16,58.2,54.688
0.2995169082,65,1,99.690821256,207.201
2.936416185,65,2,97.2601156069,172.733
9.1282051282,65,4,90.9294871795,155.472
16.5044247788,65,6,83.3982300885,112.209
48.3787878788,65,8,51.6363636364,65.988
31.8101265823,65,10,68.1898734177,78.242
40.7,65,16,59.15,59.064
0.2780269058,66,1,99.7040358744,222.891
2.7900552486,66,2,97.4972375691,180.4
9.0506329114,66,4,91.0063291139,157.055
16.5090909091,66,6,83.4909090909,109.971
48.5942028986,66,8,51.4492753623,68.214
31.7564102564,66,10,68.1538461538,77.045
38.186440678,66,16,61.7627118644,58.963
0.4142857143,67,1,99.580952381,209.299
2.7118644068,67,2,97.6327683616,176.226
8.1925465839,67,4,91.8819875776,160.742
15.8086956522,67,6,84.0695652174,114.466
47.7837837838,67,8,52.3243243243,73.097
30.2692307692,67,10,69.5256410256,78.021
38.9433962264,67,16,61,52.122
0.305,68,1,99.685,200.014
2.5621621622,68,2,97.7783783784,185.131
8.6797385621,68,4,91.4052287582,152.415
16.1238938053,68,6,83.8318584071,112.936
46.1351351351,68,8,54.0810810811,74.004
31.3333333333,68,10,68.5679012346,80.061
40.0181818182,68,16,60.0181818182,54.898
0.3623853211,69,1,99.6330275229,217.365
2.5426008969,69,2,97.7219730942,222.273
8.6133333333,69,4,91.4133333333,149.833
16.3703703704,69,6,83.5648148148,107.923
47.3116883117,69,8,52.7532467532,76.455
31.4285714286,69,10,68.5064935065,76.44
40.5344827586,69,16,59.4137931034,57.632
0.2985074627,70,1,99.6965174129,200.556
2.8048780488,70,2,97.493902439,163.545
8.9299363057,70,4,91.2165605096,156.094
17.1681415929,70,6,82.8318584071,112.314
44.3333333333,70,8,55.5595238095,83.102
30.5810810811,70,10,69.4324324324,73.862
40.2881355932,70,16,59.7288135593,58.039
0.253164557,71,1,99.7426160338,236.994
2.4922279793,71,2,97.7305699482,192.669
9.176056338,71,4,90.9225352113,142.022
16.1578947368,71,6,83.850877193,113.171
40.2659574468,71,8,59.670212766,93.672
30.4615384615,71,10,69.5512820513,77.691
37.6140350877,71,16,62.3684210526,56.484
0.3886010363,72,1,99.5906735751,192.394
2.5434782609,72,2,97.7445652174,184.004
9.1476510067,72,4,90.8657718121,148.892
16.8596491228,72,6,83.1403508772,113.965
37.2307692308,72,8,62.7692307692,103.088
30.3076923077,72,10,69.6794871795,77.609
41.3272727273,72,16,58.6181818182,54.749
0.2631578947,73,1,99.7192982456,227.685
2.6764705882,73,2,97.7294117647,169.548
8.4339622642,73,4,91.6603773585,158.958
16.6842105263,73,6,83.2280701754,113.31
36.6930693069,73,8,63.3366336634,100.93
30.0126582278,73,10,69.9367088608,78.085
37.4915254237,73,16,62.5423728814,58.641
0.2920792079,74,1,99.7079207921,201.648
2.5138121547,74,2,97.6850828729,180.978
8.1916167665,74,4,91.880239521,166.366
18.2830188679,74,6,81.7452830189,105.751
35.3113207547,74,8,64.7075471698,105.131
30.6233766234,74,10,69.3766233766,76.295
39.2807017544,74,16,60.7192982456,56.057
0.2468619247,75,1,99.7447698745,238.983
2.5690607735,75,2,97.7127071823,180.743
8.7417218543,75,4,91.3377483444,150.69
16.8761061947,75,6,83.0442477876,112.717
38.2346938776,75,8,61.7551020408,97.964
29.6623376623,75,10,70.2597402597,77.002
38.6896551724,75,16,61.1034482759,57.684
0.4494949495,76,1,99.5404040404,197.176
2.7388888889,76,2,97.5944444444,179.516
8.6862745098,76,4,91.3790849673,152.885
16.798245614,76,6,83.2543859649,114.009
36.1981132075,76,8,63.7830188679,105.634
29.2692307692,76,10,70.6666666667,77.729
37.7857142857,76,16,62.2142857143,55.837
0.2710280374,77,1,99.7242990654,213.594
2.4358974359,77,2,97.8153846154,194.236
9.0204081633,77,4,91.0136054422,146.853
17.0636363636,77,6,82.8727272727,109.594
35.1028037383,77,8,64.9345794393,106.509
30.7236842105,77,10,69.2368421053,75.856
38.1964285714,77,16,61.7321428571,55.533
0.2735849057,78,1,99.7216981132,211.839
2.5444444444,78,2,97.8222222222,179.942
8.5987261146,78,4,91.4777070064,156.316
16.0990990991,78,6,83.8288288288,110.724
36.8613861386,78,8,63.0594059406,100.449
29.1923076923,78,10,70.7564102564,77.843
36.1272727273,78,16,63.9636363636,54.367
0.2788461538,79,1,99.6971153846,207.891
2.2396313364,79,2,98.0368663594,216.584
8.3607594937,79,4,91.6708860759,157.194
16.2719298246,79,6,83.7368421053,113.223
36.4949494949,79,8,63.4949494949,98.608
29.725,79,10,70.1875,79.654
36.593220339,79,16,63.3389830508,58.328
0.25,80,1,99.7327586207,231.927
2.7085714286,80,2,97.5714285714,174.12
8.4417177914,80,4,91.6196319018,162.957
16.6846846847,80,6,83.2612612613,110.32
35.1132075472,80,8,64.8867924528,105.415
30.1842105263,80,10,69.6578947368,75.195
37.1186440678,80,16,62.8305084746,58.679
0.376146789,81,1,99.6146788991,217.254
2.7647058824,81,2,97.486631016,186.802
8.2360248447,81,4,91.8385093168,161.022
16.6434782609,81,6,83.4,114.745
35.3942307692,81,8,64.5673076923,103.557
30.2666666667,81,10,69.7333333333,74.68
37.1379310345,81,16,62.8275862069,57.089
0.2638888889,82,1,99.7314814815,215.891
2.5099009901,82,2,97.7623762376,201.126
8.375,82,4,91.725,159.814
15.1008403361,82,6,84.8403361345,118.701
35.1782178218,82,8,64.8217821782,100.414
28.835443038,82,10,71.0886075949,78.33
40.6923076923,82,16,59.2884615385,51.933
0.2638888889,83,1,99.7222222222,215.557
2.72,83,2,97.54,199.805
8.60625,83,4,91.43125,159.76
15.7876106195,83,6,84.2389380531,112.202
35.3269230769,83,8,64.6923076923,103.212
30.7625,83,10,69.25,79.303
35.8545454545,83,16,64.0363636364,54.791
0.2727272727,84,1,99.7224880383,209.003
3.0054945055,84,2,97.2747252747,182.022
8.2426035503,84,4,91.798816568,168.854
16.6034482759,84,6,83.3879310345,115.985
35.0090909091,84,8,64.9909090909,109.423
29.6842105263,84,10,70.3026315789,75.819
35.3454545455,84,16,64.6,54.872
0.270531401,85,1,99.7149758454,207.152
2.5265700483,85,2,97.845410628,206.728
8.8129032258,85,4,91.2322580645,154.968
15.6752136752,85,6,84.2307692308,116.131
34.4818181818,85,8,65.5272727273,109.41
29.987012987,85,10,69.8701298701,76.43
36.125,85,16,63.9107142857,55.122
0.3917050691,86,1,99.6036866359,216.238
2.8323699422,86,2,97.4393063584,172.371
8.8413793103,86,4,91.2275862069,144.893
15.7610619469,86,6,84.2212389381,112.376
36.6435643564,86,8,63.4752475248,100.862
30.7564102564,86,10,69.1923076923,77.34
37.7192982456,86,16,62.2280701754,56.627
0.2654028436,87,1,99.7203791469,210.517
2.6683673469,87,2,97.5969387755,195.29
8.1695906433,87,4,91.9005847953,170.442
15.6068376068,87,6,84.4188034188,117.018
35.5523809524,87,8,64.4095238095,104.591
29.84,87,10,70.1866666667,74.809
37.5789473684,87,16,62.4210526316,56.08
0.2580645161,88,1,99.7373271889,216.668
2.4536082474,88,2,97.8144329897,193.377
8.3987341772,88,4,91.6772151899,157.31
15.4786324786,88,6,84.4102564103,116.56
34.1651376147,88,8,65.8440366972,108.098
30.2409638554,88,10,69.8072289157,82.53
38.0689655172,88,16,61.9827586207,57.102
0.252293578,89,1,99.7339449541,218.227
2.2715517241,89,2,98.0086206897,231.467
8.2625,89,4,91.8625,159.832
15.6034482759,89,6,84.3879310345,115.58
35.3823529412,89,8,64.6666666667,101.409
30.9090909091,89,10,69.1038961039,76.31
36.1636363636,89,16,63.8727272727,54.747
0.219123506,90,1,99.7689243028,250.738
2.4736842105,90,2,97.8315789474,189.303
15.5739130435,90,6,84.3565217391,114.232
33.6605504587,90,8,66.376146789,109.035
31.5185185185,90,10,68.5308641975,80.046
35.7272727273,90,16,64.2181818182,54.346
0.2477477477,91,1,99.7432432432,221.912
2.4764397906,91,2,97.8167539267,190.859
8.7405063291,91,4,91.3164556962,157.492
16.1090909091,91,6,83.9181818182,110.009
34.2056074766,91,8,65.7476635514,106.129
28.1012658228,91,10,71.8227848101,78.702
34.9649122807,91,16,64.9298245614,56.95
0.2380952381,92,1,99.7532467532,230.989
8.5496688742,92,4,91.4701986755,151.048
16,92,6,83.8878504673,106.592
33.6697247706,92,8,66.2018348624,108.408
29.1948051948,92,10,70.7922077922,76.309
34.6363636364,92,16,65.2545454545,54.83
0.2195121951,93,1,99.7520325203,245.715
1.9220183486,93,2,98.2935779817,217.503
8.5584415584,93,4,91.5519480519,153.333
16.261682243,93,6,83.7289719626,107.028
34.0186915888,93,8,65.9719626168,107.003
27.5189873418,93,10,72.3291139241,78.611
35.8103448276,93,16,64.1034482759,57.576
0.2454545455,94,1,99.7454545455,219.749
2.4093264249,94,2,98.0207253886,192.12
8.4038461538,94,4,91.6730769231,155.204
15.4745762712,94,6,84.5508474576,117.447
33.5283018868,94,8,66.4056603774,105.859
28.6666666667,94,10,71.2435897436,77.718
39.0175438596,94,16,60.9298245614,56.735
0.3051643192,95,1,99.6901408451,212.43
8.096969697,95,4,91.9818181818,165.03
14.7190082645,95,6,85.2314049587,120.146
34.2571428571,95,8,65.6952380952,104.241
27.4375,95,10,72.3875,79.873
36.462962963,95,16,63.6296296296,53.595
0.298245614,96,1,99.6973684211,227.393
2.3106796117,96,2,98.0145631068,205.234
7.9221556886,96,4,92.1077844311,166.886
14.9487179487,96,6,85.0427350427,116.956
33.1181818182,96,8,66.8454545455,109.361
27.3827160494,96,10,72.5802469136,80.298
34.5740740741,96,16,65.3703703704,53.968
0.2420091324,97,1,99.7488584475,218.968
2.3224043716,97,2,97.9617486339,182.571
8.3525641026,97,4,91.7884615385,155.61
15.0330578512,97,6,84.9752066116,120.496
34.9150943396,97,8,65.0377358491,106.013
29.6329113924,97,10,70.3291139241,79.019
36.65,97,16,63.2333333333,59.317
0.2376681614,98,1,99.7578475336,222.765
2.5409836066,98,2,97.7213114754,183.034
7.762195122,98,4,92.3170731707,163.247
16.4608695652,98,6,83.4869565217,114.638
33.8636363636,98,8,66.0636363636,109.202
28.2619047619,98,10,71.7619047619,83.19
35.0862068966,98,16,64.8793103448,57.879
0.2255319149,99,1,99.7574468085,234.787
2.5301724138,99,2,97.7801724138,231.166
8.2549019608,99,4,91.7647058824,152.395
15.1652892562,99,6,84.8016528926,120.361
32.8392857143,99,8,67.1160714286,111.733
29.8205128205,99,10,70.1025641026,77.058
34.1206896552,99,16,65.8448275862,57.921
0.2598039216,100,1,99.7401960784,203.708
2.6489361702,100,2,97.7074468085,187.154
7.506097561,100,4,92.5670731707,163.163
15.1583333333,100,6,84.8583333333,119.07
33.2727272727,100,8,66.7636363636,109.686
28.3,100,10,71.6875,79.449
33.4545454545,100,16,66.5272727273,54.511
95.4,1,32,4.1,9.039
94.25,2,32,5.5,7.772
94.1111111111,3,32,6,8.671
94,4,32,5.8,9.604
94.1818181818,5,32,5.8181818182,10.186
93.6666666667,6,32,6.25,11.966
93.3571428571,7,32,6.5714285714,13.886
94,8,32,5.75,15.298
93.1875,9,32,6.6875,15.489
93.4705882353,10,32,6.3529411765,16.714
93.2631578947,11,32,6.5789473684,18.041
92.7894736842,12,32,7,18.898
92.6842105263,13,32,7.2105263158,18.758
92.7727272727,14,32,7.1818181818,21.173
92.2727272727,15,32,7.6363636364,21.573
92,16,32,7.8695652174,22.453
92.08,17,32,7.84,24.303
90.2222222222,18,32,9.8148148148,26.951
87.2142857143,19,32,12.75,27.4
87.5172413793,20,32,12.4137931034,28.41
87.5483870968,21,32,12.2903225806,30.349
87.3333333333,22,32,12.5,29.906
86.9032258065,23,32,13.1612903226,30.699
86.6176470588,24,32,13.2058823529,33.687
86.8529411765,25,32,13.1470588235,33.237
86.9444444444,26,32,12.9722222222,35.602
86.0277777778,27,32,13.8333333333,35.887
84.8684210526,28,32,14.9736842105,37.996
84.875,29,32,15,39.452
85.0238095238,30,32,14.9047619048,41.336
83.0714285714,31,32,16.7142857143,41.274
79.3829787234,32,32,20.6382978723,46.591
70.96,33,32,28.94,49.402
71.2291666667,34,32,28.75,47.576
75,35,32,25.0212765957,46.315
71.2083333333,36,32,28.7083333333,47.102
68.7608695652,37,32,31.2173913043,45.539
68.1860465116,38,32,31.6976744186,42.439
72.1818181818,39,32,27.5909090909,43.631
68.75,40,32,31.2045454545,43.108
73.4285714286,41,32,26.4285714286,41.938
68.6046511628,42,32,31.2790697674,42.999
70.119047619,43,32,29.9047619048,41.158
68.8780487805,44,32,30.9512195122,40.946
66.4285714286,45,32,33.5,41.446
67.6097560976,46,32,32.4146341463,40.339
67.0769230769,47,32,32.8974358974,38.63
69.95,48,32,30.1,39.402
64.7804878049,49,32,35.0243902439,40.911
66.0512820513,50,32,34,38.892
67.7948717949,51,32,32.1538461538,38.33
61.0487804878,52,32,38.8048780488,40.54
63.3076923077,53,32,36.6666666667,38.379
61.85,54,32,38.05,39.332
60.4871794872,55,32,39.5641025641,38.757
60.9473684211,56,32,39,37.149
63.4473684211,57,32,36.5526315789,37.928
58.2307692308,58,32,41.6153846154,38.639
61.7368421053,59,32,38.3157894737,37.83
66.1842105263,60,32,33.8421052632,37.264
64,61,32,35.9459459459,36.258
60.5384615385,62,32,39.3846153846,38.408
62.5,63,32,37.4736842105,37.743
60.5526315789,64,32,39.5263157895,37.831
60.4615384615,65,32,39.5384615385,38.954
61.4864864865,66,32,38.5135135135,36.721
59.9473684211,67,32,39.9736842105,37.129
62.8857142857,68,32,37.2571428571,34.609
58.2105263158,69,32,41.8157894737,37.475
61.3428571429,70,32,38.5142857143,34.673
58.1315789474,71,32,41.7631578947,37.05
54.9189189189,72,32,44.9459459459,36.543
57.5384615385,73,32,42.358974359,38.059
57.2820512821,74,32,42.7179487179,38.176
53.3414634146,75,32,46.487804878,40.732
58.6578947368,76,32,41.0789473684,37.574
54.4864864865,77,32,45.4054054054,36.375
58.6578947368,78,32,41.1315789474,37.575
54.1944444444,79,32,45.6944444444,35.517
54.2894736842,80,32,45.6315789474,37.565
56.2857142857,81,32,43.7714285714,34.423
54.8717948718,82,32,45.1025641026,38.485
58.8888888889,83,32,41.1111111111,35.967
60.9189189189,84,32,39.1081081081,36.559
54.7948717949,85,32,45.1538461538,38.275
63.2857142857,86,32,36.6571428571,34.823
55.4594594595,87,32,44.4864864865,36.041
56.3333333333,88,32,43.5833333333,35.673
51.3243243243,89,32,48.5945945946,36.122
59.5714285714,90,32,40.4571428571,34.684
48.6756756757,91,32,51.2162162162,36.331
55.5945945946,92,32,44.4054054054,36.441
55.6052631579,93,32,44.2368421053,37.695
52.5,94,32,47.4736842105,37.861
55.2631578947,95,32,44.6842105263,37.138
52.5833333333,96,32,47.2777777778,35.326
55.0540540541,97,32,44.8918918919,36.192
54.7567567568,98,32,45.2702702703,36.322
54.8378378378,99,32,45.2432432432,36.715
57.1388888889,100,32,42.8055555556,35.782
92.4444444444,3,24,7.2222222222,8.177
93.5555555556,2,24,6.3333333333,8.798
91.3333333333,4,24,8.4444444444,9.022
94.2,1,24,5.5,9.062
91.4545454545,5,24,8.5454545455,10.895
92.4166666667,6,24,7.75,11.588
91.7142857143,7,24,8.4285714286,13.469
91.2857142857,8,24,8.7142857143,13.757
90.8,9,24,9.3333333333,15.022
91.3529411765,10,24,8.6470588235,16.193
91.1666666667,11,24,8.6666666667,17.188
90.6315789474,12,24,9.3684210526,18.757
90.65,13,24,9.4,19.54
90.2857142857,14,24,9.4285714286,20.425
90.2272727273,15,24,9.9090909091,21.369
89.8695652174,16,24,10.0434782609,22.196
89.25,17,24,10.7083333333,23.177
83.2962962963,20,24,16.7037037037,26.97
86.5555555556,18,24,13.3703703704,27.004
83.4642857143,19,24,16.5,27.92
82.7666666667,21,24,17.2,29.743
83.1290322581,23,24,16.9032258065,30.87
83,22,24,16.75,31.274
82.1764705882,24,24,17.7647058824,33.53
82.3428571429,25,24,17.6285714286,34.721
82.6388888889,26,24,17.2777777778,35.637
81.972972973,27,24,18.027027027,36.596
80.3846153846,28,24,19.641025641,38.244
57.3846153846,59,24,42.5384615385,38.53
80.1025641026,29,24,19.6923076923,38.868
49.4,70,24,50.625,40.005
55.7317073171,54,24,44.1463414634,40.07
48.1463414634,73,24,51.9024390244,40.264
52.7317073171,83,24,47.2682926829,40.292
53.0243902439,69,24,46.9268292683,40.494
49.9268292683,80,24,50.1219512195,40.508
54.0975609756,63,24,45.8536585366,40.839
47.8048780488,79,24,52.0975609756,40.907
46.7619047619,77,24,53.1666666667,41.088
51.1666666667,64,24,48.7142857143,41.303
54.2619047619,56,24,45.5952380952,41.317
77.8333333333,30,24,22.0476190476,41.522
54.9302325581,60,24,44.8837209302,42.193
54.6976744186,68,24,45.2093023256,42.311
62.1627906977,49,24,37.8139534884,42.471
48.7441860465,71,24,51.2093023256,42.661
49,84,24,50.9069767442,42.801
61.3255813953,61,24,38.6279069767,42.85
52.1860465116,57,24,47.7209302326,42.866
62.8372093023,39,24,37.0697674419,42.943
76.6279069767,31,24,23.3953488372,42.948
52.511627907,72,24,47.3488372093,43.009
51.5681818182,58,24,48.3181818182,43.15
49.8636363636,76,24,50.0681818182,43.25
51.7727272727,81,24,48.0909090909,43.469
49.8181818182,65,24,50.2045454545,43.668
45.1818181818,82,24,54.8181818182,43.722
51.9772727273,75,24,48.0454545455,43.805
46.1590909091,74,24,53.8181818182,43.948
49.4318181818,78,24,50.4090909091,43.975
57.4888888889,51,24,42.4444444444,44.2
51.3777777778,62,24,48.5555555556,44.345
60.1333333333,46,24,39.8444444444,44.415
64.4666666667,48,24,35.4666666667,44.44
53.0666666667,66,24,46.9555555556,44.725
58.152173913,53,24,41.8043478261,45.123
58.6304347826,44,24,41.3913043478,45.44
55.9782608696,52,24,44.0217391304,45.443
61.6739130435,36,24,38.2608695652,45.499
53.9347826087,67,24,45.8695652174,45.501
55.5869565217,55,24,44.3695652174,45.551
56.5,45,24,43.5652173913,45.61
59.2173913043,47,24,40.7826086957,45.713
57.7391304348,50,24,42.152173913,45.936
58.0212765957,43,24,41.9787234043,46.579
71.8085106383,32,24,28.2978723404,46.985
62.1875,37,24,37.6458333333,47.238
61.8125,41,24,38.1875,47.39
64.375,34,24,35.5416666667,47.415
61.2708333333,42,24,38.6458333333,47.444
67,40,24,32.9166666667,48.027
64.8163265306,35,24,35,48.423
60.8367346939,38,24,39.1224489796,48.957
63.78,33,24,36.1,49.292
94.375,1,28,5.375,7.802
93.75,2,28,6.125,7.999
93,3,28,7,8.869
93.4545454545,4,28,6.4545454545,10.287
93.0714285714,5,28,7,13.618
92.875,6,28,7.125,15.95
92.8666666667,7,28,7,14.675
92.8823529412,8,28,6.8823529412,16.431
92.75,9,28,7.125,15.418
92.6842105263,10,28,7.2105263158,18.606
92.619047619,11,28,7.2380952381,20.442
92.5,12,28,7.4090909091,21.353
92.619047619,13,28,7.3333333333,20.466
91.6818181818,14,28,8.0909090909,21.791
92.1666666667,15,28,7.7916666667,23.686
91.75,16,28,8.1666666667,23.11
91.6923076923,17,28,8.2307692308,25.425
88.6785714286,18,28,11.2857142857,27.993
85.2903225806,19,28,14.6451612903,30.053
84.6129032258,20,28,15.1612903226,30.864
85.7272727273,21,28,14.1515151515,32.356
85.0606060606,22,28,14.8484848485,32.399
85.0606060606,23,28,14.9393939394,32.433
85.2222222222,24,28,14.6944444444,35.488
84.4054054054,25,28,15.5135135135,36.379
84.3333333333,26,28,15.6111111111,35.522
83.925,27,28,16,39.438
83.3658536585,28,28,16.756097561,40.436
82.5,29,28,17.4523809524,41.242
81.8292682927,30,28,18.2195121951,40.111
79.6086956522,31,28,20.2391304348,45.698
71.4285714286,32,28,28.4897959184,48.352
70.3191489362,33,28,29.5531914894,47.022
66.9361702128,34,28,32.9574468085,46.24
69.7346938776,35,28,30.2040816327,48.939
73.1666666667,36,28,26.7291666667,47.173
65.84,37,28,33.96,49.478
68.5909090909,38,28,31.2954545455,43.619
65.7555555556,39,28,34.2,44.986
64.5681818182,40,28,35.25,43.547
69.8409090909,41,28,30.25,43.212
62.1818181818,42,28,37.7727272727,43.456
68.3863636364,43,28,31.5681818182,43.713
64.8695652174,44,28,35.152173913,45.51
62.1111111111,45,28,37.7333333333,44.082
62.8863636364,46,28,36.9772727273,43.715
63.4047619048,47,28,36.6428571429,41.8
60.3095238095,48,28,39.5476190476,41.038
61.5454545455,49,28,38.4090909091,43.92
63.1463414634,50,28,36.8536585366,40.611
59.1162790698,51,28,40.7674418605,42.252
59.9069767442,52,28,40.023255814,43.03
63.9069767442,53,28,35.9534883721,42.654
59.7209302326,54,28,40.1395348837,42.109
55.6,55,28,44.475,39.782
57.8292682927,56,28,42.1707317073,40.06
57,57,28,42.972972973,36.37
65.3846153846,58,28,34.5897435897,38.315
58.7619047619,59,28,41.2857142857,41.955
57.8571428571,60,28,42.1904761905,41.259
57.7435897436,61,28,42.2564102564,38.927
56.1538461538,62,28,43.7948717949,38.991
59.3170731707,63,28,40.5853658537,40.666
57.1282051282,64,28,42.8717948718,38.805
56.7142857143,65,28,43.1666666667,41.765
56.512195122,66,28,43.3902439024,40.282
56.9756097561,67,28,42.9024390244,40.249
56.8139534884,68,28,43.2093023256,42.889
55.9268292683,69,28,43.9756097561,40.129
60.7179487179,70,28,39.2564102564,38.904
52.1219512195,71,28,47.6829268293,40.094
57.1282051282,72,28,42.7948717949,38.968
56.1282051282,73,28,43.6153846154,38.804
60.1538461538,74,28,39.7435897436,38.833
55.2,75,28,44.75,39.533
56.325,76,28,43.7,39.635
54.1,77,28,45.825,39.798
61,78,28,38.972972973,36.287
55.0243902439,79,28,44.8048780488,40.183
54.7179487179,80,28,45.1794871795,38.661
55.7948717949,81,28,44.1282051282,38.803
53.725,82,28,46.3,39.776
54.5128205128,83,28,45.358974359,38.929
54.8205128205,84,28,45.1538461538,38.172
50.0263157895,85,28,49.9473684211,37.392
49.425,86,28,50.575,39.235
46.4146341463,87,28,53.4634146341,40.253
52.8717948718,88,28,47.0769230769,38.267
48.9189189189,89,28,51.0540540541,37.01
48.8947368421,90,28,51.1315789474,37.325
54,91,28,45.9285714286,41.813
53.2682926829,92,28,46.487804878,40.136
48.2631578947,93,28,51.6052631579,37.892
48.3611111111,94,28,51.5277777778,35.848
53.5789473684,95,28,46.3684210526,37.716
54.6315789474,96,28,45.4736842105,37.55
46.1842105263,97,28,53.6578947368,37.456
50.5945945946,98,28,49.2702702703,36.186
54.5142857143,99,28,45.3428571429,34.654
58.2162162162,100,28,41.6486486486,36.878
91.8888888889,1,18,8,8.816
90.6666666667,2,18,9.5555555556,8.892
91.1818181818,3,18,8.9090909091,10.505
90.0909090909,4,18,10,10.785
90,5,18,10.0769230769,12.216
89.8666666667,6,18,10.4,14.77
89.4705882353,7,18,10.4117647059,16.526
89.6111111111,8,18,10.5555555556,17.872
89.3157894737,9,18,10.7894736842,18.595
89,10,18,11.25,19.265
87.9523809524,11,18,12.0952380952,21.011
88.2727272727,12,18,11.8181818182,21.678
88.5416666667,13,18,11.5416666667,23.389
88.16,14,18,12.12,24.427
87.3076923077,15,18,12.8846153846,25.618
86.2692307692,16,18,13.9230769231,25.832
86.2,17,18,14,24.381
82,18,18,18.2333333333,29.416
78.0303030303,19,18,22.1212121212,33.025
77.3142857143,20,18,22.7428571429,35
77.2857142857,21,18,22.7714285714,34.88
78.5384615385,22,18,21.4615384615,38.251
77.6578947368,23,18,22.4736842105,37.08
76.4871794872,24,18,23.641025641,38.852
75.3,25,18,24.725,39.931
76.2790697674,26,18,23.7674418605,42.514
74.6444444444,27,18,25.2666666667,44.568
73.625,28,18,26.375,47.162
73.7111111111,29,18,26.3111111111,44.514
72.6458333333,30,18,27.375,47.29
71.32,31,18,28.72,49.578
63.593220339,32,18,36.2542372881,58.909
58.606557377,33,18,41.2459016393,60.709
57.5833333333,34,18,42.2333333333,59.356
56.9,35,18,43.1,60.028
55.9137931034,36,18,44,57.636
53.6779661017,37,18,46.2203389831,58.391
54.0491803279,38,18,45.9672131148,60.181
53.4827586207,39,18,46.5172413793,57.616
54.4363636364,40,18,45.4545454545,54.443
52.1016949153,41,18,47.8305084746,58.899
51.5833333333,42,18,48.2666666667,59.046
50.0806451613,43,18,49.7580645161,61.346
55.406779661,44,18,44.593220339,58.361
51.5409836066,45,18,48.393442623,60.054
50.8813559322,46,18,49.1016949153,59.031
53.3275862069,47,18,46.5517241379,57.61
51.6226415094,48,18,48.2830188679,53.004
52.4137931034,49,18,47.5,57.274
48.5964912281,50,18,51.298245614,56.962
48.3571428571,51,18,51.5892857143,55.948
49.4655172414,52,18,50.5,57.137
49.6440677966,53,18,50.3728813559,58.125
47.9833333333,54,18,51.9166666667,59.148
46.0862068966,55,18,53.7931034483,57.509
46.2372881356,56,18,53.7118644068,58.46
46.7457627119,57,18,53.186440678,58.642
45.0517241379,58,18,54.8793103448,57.341
45.9272727273,59,18,54.0545454545,55.027
45.2631578947,60,18,54.5614035088,56.944
48.2727272727,61,18,51.8,54.663
46.3035714286,62,18,53.6785714286,55.133
44.7857142857,63,18,55.1964285714,55.436
45.4821428571,64,18,54.6071428571,55.955
44.8,65,18,55.0909090909,54.646
44.6666666667,66,18,55.2777777778,53.743
43.2181818182,67,18,56.8363636364,54.148
43.9814814815,68,18,55.8518518519,53.585
43.1785714286,69,18,56.7142857143,55.661
44.3272727273,70,18,55.6181818182,54.721
42.2037037037,71,18,57.7592592593,53.344
40.2909090909,72,18,59.6545454545,54.698
43.8,73,18,56.2,54.531
41.8148148148,74,18,58.1111111111,53.165
40.4909090909,75,18,59.5090909091,54.672
40.9655172414,76,18,59,57.694
41.6923076923,77,18,58.1538461538,51.607
39.3103448276,78,18,60.5862068966,57.432
40.8928571429,79,18,59.0535714286,55.2
42.9827586207,80,18,57,57.744
44.6296296296,81,18,55.1851851852,53.984
39.2142857143,82,18,60.7678571429,55.9
45.8333333333,83,18,54.0740740741,53.952
44.3018867925,84,18,55.7169811321,52.463
0.01,78,1,99.99,200.021
0.0051282051,84,1,99.9897435897,194.643
0.0052910053,94,1,99.9894179894,189.11
0.0106951872,66,1,99.9893048128,186.609
0.0107526882,74,1,99.9892473118,185.645
0.0053763441,93,1,99.9892473118,185.693
0.0108108108,75,1,99.9891891892,184.833
0.0108695652,64,1,99.9891304348,183.64
0.0108695652,72,1,99.9891304348,184.091
0.0109289617,52,1,99.9890710383,182.545
0.0111111111,67,1,99.9888888889,180.134
0.0167597765,50,1,99.9888268156,178.778
0.0112359551,59,1,99.9887640449,177.851
0.0114942529,77,1,99.9885057471,174.003
0.0049261084,97,1,99.9852216749,202.568
0.0050761421,86,1,99.9847715736,196.799
0.0052356021,85,1,99.9842931937,190.791
0.0052356021,92,1,99.9842931937,191.054
0.0105263158,71,1,99.9842105263,189.542
0.0106382979,60,1,99.9840425532,187.903
0.0053475936,80,1,99.9839572193,186.916
0.0053475936,96,1,99.9839572193,187.111
0.0108108108,63,1,99.9837837838,184.538
0.0109289617,58,1,99.9836065574,182.717
0.0110497238,62,1,99.9834254144,180.622
0.0168539326,45,1,99.9831460674,178.073
0.0178571429,47,1,99.9821428571,167.818
0.0049751244,89,1,99.9800995025,200.993
0.0052631579,83,1,99.9789473684,189.726
0.0106382979,69,1,99.9787234043,187.908
0.0053763441,88,1,99.9784946237,185.963
0.0164835165,51,1,99.978021978,181.687
0.0165745856,42,1,99.9779005525,181.055
0.0167597765,46,1,99.9776536313,178.965
0.0114942529,54,1,99.9770114943,174.095
0.0197044335,40,1,99.9753694581,203.009
0.0050505051,100,1,99.9747474747,197.86
0.0051282051,82,1,99.9743589744,194.97
0.0164835165,44,1,99.9725274725,181.534
0.010989011,61,1,99.9725274725,181.797
0.0223463687,41,1,99.9720670391,178.9
0.0114285714,57,1,99.9714285714,175.118
0.0052083333,91,1,99.96875,191.704
0.0209424084,37,1,99.9685863874,190.706
0.0105820106,70,1,99.9682539683,188.454
0.0049751244,99,1,99.9651741294,200.958
0.0261780105,35,1,99.9633507853,191.047
0.010989011,65,1,99.9615384615,181.771
0.0378378378,87,1,99.9567567568,184.446
0.010989011,53,1,99.956043956,181.722
0.0252525253,34,1,99.9545454545,197.618
0.0152284264,48,1,99.9543147208,196.797
0.0160427807,49,1,99.9465240642,186.763
0.0432432432,56,1,99.9459459459,184.449
0.0327868852,81,1,99.9453551913,182.475
0.0582010582,38,1,99.9417989418,188.468
0.0752688172,76,1,99.9193548387,185.408
0.0904522613,33,1,99.9045226131,198.391
0.0756756757,98,1,99.9027027027,184.38
0.0979381443,68,1,99.9020618557,193.351
0.1308900524,95,1,99.8586387435,190.268
0.1459459459,79,1,99.8486486486,184.268
0.1546391753,36,1,99.8453608247,193.259
0.1505376344,90,1,99.8440860215,185.242
0.1606217617,39,1,99.8393782383,192.323
0.1797752809,73,1,99.8202247191,177.166
0.1525423729,55,1,99.8192090395,176.198
0.2023809524,43,1,99.7321428571,167.137
0.6886227545,32,1,99.3053892216,167.227
0.75,30,1,99.2424242424,131.722
0.8592592593,31,1,99.1111111111,134.753
0.9367088608,22,1,99.0379746835,79.206
0.9509803922,28,1,99.0294117647,102.028
1.1578947368,18,1,98.8245614035,57.203
1.247706422,29,1,98.7339449541,108.292
1.2631578947,26,1,98.7157894737,94.614
1.3894736842,25,1,98.6105263158,94.666
1.41,27,1,98.54,100.083
1.5733333333,19,1,98.3866666667,74.791
2.0481927711,23,1,97.9277108434,83.33
2.5217391304,16,1,97.4782608696,45.652
2.6315789474,13,1,97.3157894737,38.063
2.9333333333,9,1,97.0333333333,30.097
3.0133333333,20,1,96.96,74.685
3.0588235294,24,1,96.9294117647,84.52
3.1066666667,21,1,96.8533333333,74.337
3.25,14,1,96.725,39.447
3.4864864865,12,1,96.4864864865,36.954
3.8846153846,6,1,96,26.065
4.1363636364,17,1,95.8409090909,43.951
4.28125,11,1,95.65625,31.943
5.5806451613,10,1,94.3548387097,30.447
5.9130434783,5,1,93.9565217391,22.979
6.2333333333,8,1,93.6666666667,30.053
7.0238095238,15,1,92.9523809524,41.264
7.8571428571,4,1,91.8571428571,20.484
11.25,7,1,88.6428571429,27.366
11.4375,2,1,88.125,15.583
20.2,3,1,79.44,24.494
32.7857142857,1,2,60.3571428571,13.686
29.4166666667,2,2,70.25,11.535
25.4285714286,3,2,74.7857142857,13.93
26.7333333333,4,2,73.5333333333,14.917
26.3125,5,2,73.625,15.679
24.7894736842,6,2,75.3684210526,18.247
23.3181818182,7,2,76.9090909091,21.652
23.625,8,2,76.5,23.966
25.0384615385,9,2,75.1538461538,25.297
21.2962962963,10,2,78.8888888889,27.022
19.9032258065,11,2,80.2580645161,30.495
22.6666666667,12,2,77.6333333333,30.2
19.1470588235,13,2,81.2058823529,33.271
17.6857142857,14,2,82.7142857143,34.651
18.6388888889,15,2,81.75,35.731
17.027027027,16,2,83.1081081081,36.934
15.7,17,2,84.475,40.096
12.3518518519,18,2,88.0185185185,53.302
10.6031746032,19,2,89.8095238095,62.639
10.953125,20,2,89.3125,63.401
11.0597014925,21,2,89.3134328358,67.068
9.5,22,2,90.6944444444,71.985
10.9275362319,23,2,89.3768115942,68.905
9.301369863,24,2,90.9315068493,72.992
8.6329113924,25,2,91.5569620253,78.545
7.7840909091,26,2,92.4204545455,87.871
8.6629213483,27,2,91.606741573,88.438
7.7586206897,28,2,92.5747126437,86.876
6.5567010309,29,2,93.7731958763,97.103
6.4158415842,30,2,93.8118811881,101.481
6.5818181818,31,2,93.7363636364,109.373
5.618705036,32,2,94.7410071942,138.087
3.6538461538,33,2,96.6538461538,155.778
3.6959064327,34,2,96.5614035088,170.302
3.5714285714,35,2,96.7329192547,160.909
3.5185185185,36,2,96.7160493827,161.11
3.5088757396,37,2,96.7692307692,168.624
3.1736526946,38,2,97.119760479,166.517
3.243902439,39,2,97.0304878049,163.773
2.9421965318,40,2,97.3583815029,172.628
3.2931034483,41,2,96.8908045977,173.417
3.6914285714,42,2,96.6285714286,175.124
2.908045977,43,2,97.4022988506,173.283
3.2173913043,44,2,97.0706521739,183.303
3.0310559006,45,2,97.3043478261,160.824
3.1708860759,46,2,97.1708860759,157.397
3,47,2,97.3121019108,156.844
2.640625,48,2,97.609375,191.457
2.6608187135,49,2,97.6198830409,170.4
2.4709302326,50,2,97.773255814,171.931
2.5277777778,51,2,97.7777777778,179.192
2.6091954023,52,2,97.6551724138,173.359
2.7362637363,53,2,97.5054945055,181.825
2.6201117318,54,2,97.7039106145,179.044
2.5543478261,55,2,97.722826087,183.097
2.3072625698,56,2,97.9888268156,178.531
2.3444976077,57,2,98.014354067,208.98
2.4914285714,58,2,97.8971428571,174.751
2.3475609756,59,2,97.9390243902,164.088
2.4278074866,60,2,97.871657754,186.771
2.1487179487,61,2,98.1846153846,194.612
2.0130434783,62,2,98.2434782609,229.676
1.9570815451,63,2,98.313304721,232.514
2.2747252747,64,2,98.010989011,181.496
2.25,65,2,97.96875,191.283
2.408839779,66,2,97.9116022099,180.315
2.3626943005,67,2,97.932642487,192.842
2.4619883041,68,2,97.8362573099,170.107
2.312849162,69,2,98.0111731844,178.397
1.9087837838,70,2,98.3378378378,296.169
2.2617801047,71,2,98.0209424084,190.23
2.3202247191,72,2,97.9662921348,177.099
2.0909090909,73,2,98.1531100478,208.83
2.5575757576,74,2,97.7696969697,164.408
2.1442307692,75,2,98.125,207.245
2.1256544503,76,2,98.1518324607,190.298
1.9222972973,77,2,98.3243243243,295.895
2.2051282051,78,2,98.1333333333,194.086
1.68,79,2,98.5833333333,299.507
2.2277227723,80,2,98.1287128713,201.368
1.8487804878,81,2,98.4390243902,204.756
2.075,82,2,98.24,199.287
2.1223404255,83,2,98.1861702128,187.209
2.164893617,84,2,98.1063829787,187.17
2.0555555556,85,2,98.2611111111,179.601
2.2346368715,86,2,98.094972067,178.74
2.2030456853,87,2,98.1675126904,196.826
2.1902439024,88,2,98.1317073171,204.551
1.9536082474,89,2,98.4175257732,194.042
2.1767676768,90,2,98.095959596,197.868
2.0152284264,91,2,98.2944162437,196.488
2.1534883721,92,2,98.1255813953,214.426
2.2696629213,93,2,98.0449438202,177.973
2.1269035533,94,2,98.1319796954,196.279
1.8130841121,95,2,98.4859813084,213.594
1.9925093633,96,2,98.3071161049,266.454
1.8961038961,97,2,98.3961038961,307.505
1.9326923077,98,2,98.3557692308,207.409
2.0886699507,99,2,98.2807881773,202.875
1.8266666667,100,2,98.5333333333,299.948
63.3636363636,1,4,33.2727272727,10.33
61.4,2,4,38.6,9.718
53.3,3,4,46.4,9.782
53.3333333333,4,4,46.4166666667,11.421
56.2857142857,5,4,43.6428571429,13.484
53.875,6,4,45.9375,15.839
53.3333333333,7,4,46.6666666667,17.112
54,8,4,46,18.148
51.15,9,4,48.85,19.84
52.1428571429,10,4,47.9047619048,20.169
49.5217391304,11,4,50.5217391304,22.755
49.72,12,4,50.2,24.129
48.3461538462,13,4,51.7692307692,25.312
50.1785714286,14,4,49.8214285714,27.112
46.6896551724,15,4,53.1379310345,28.326
44.1290322581,16,4,55.9677419355,30.327
42.9393939394,17,4,57.1212121212,32.278
33.3913043478,18,4,66.6956521739,45.547
28.0185185185,19,4,72.1111111111,53.793
28.0166666667,20,4,72.1,59.135
26.7966101695,21,4,73.2372881356,58.539
27.4576271186,22,4,72.6101694915,58.71
26.7903225806,23,4,73.2580645161,61.679
26.3582089552,24,4,73.7462686567,66.785
25.884057971,25,4,74.2608695652,68.271
26.1095890411,26,4,73.8767123288,72.863
23.3797468354,27,4,76.6962025316,79.02
22.775,28,4,77.325,80.027
23.9886363636,29,4,76.1022727273,87.161
22.3020833333,30,4,77.7291666667,95.117
17.6936936937,31,4,82.4414414414,110.951
14.7816901408,32,4,85.2535211268,141.25
12.6506849315,33,4,87.4246575342,145.239
12.3066666667,34,4,87.7066666667,149.643
12.1111111111,35,4,88.0065359477,152.122
12.9025974026,36,4,87.1428571429,153.819
11.7207792208,37,4,88.3311688312,153.232
11.4362416107,38,4,88.610738255,148.504
11.3057324841,39,4,88.7261146497,156.603
11.0201342282,40,4,89.0872483221,148.621
10.9726027397,41,4,89.0205479452,145.529
10.8943661972,42,4,89.0915492958,141.349
9.7697368421,43,4,90.2960526316,151.781
10.8299319728,44,4,89.2448979592,146.918
9.5786163522,45,4,90.5094339623,158.153
10.8402777778,46,4,89.2013888889,143.567
10.0838709677,47,4,89.9806451613,154.771
9.7798742138,48,4,90.2955974843,158.307
9.7798742138,49,4,90.320754717,158.936
9.7777777778,50,4,90.2614379085,152.479
9.625,51,4,90.5065789474,151.951
11.0503597122,52,4,89.0431654676,138.802
9.2341772152,53,4,90.8544303797,157.709
9.3892215569,54,4,90.7065868263,166.325
9.0129032258,55,4,91.1419354839,154.291
8.7197452229,56,4,91.3885350318,156.36
9.1917808219,57,4,90.897260274,145.586
9.0205479452,58,4,91.0753424658,145.901
9.152866242,59,4,90.9171974522,156.593
8.9444444444,60,4,91.1543209877,161.354
8.2901234568,61,4,91.7716049383,161.897
8.0909090909,62,4,92.0242424242,164.976
9.125,63,4,90.9411764706,135.316
8.8037974684,64,4,91.2341772152,157.22
9.1483870968,65,4,90.9419354839,154.886
8.8397435897,66,4,91.2564102564,155.313
8.8950617284,67,4,91.1666666667,161.186
7.7654320988,68,4,92.2839506173,161.773
8.4379084967,69,4,91.614379085,152.416
8.6036585366,70,4,91.4695121951,163.888
8.0243902439,71,4,92.0426829268,163.269
8.1383647799,72,4,91.9496855346,158.832
7.8666666667,73,4,92.1878787879,164.147
8.0952380952,74,4,92.0340136054,146.24
8.1923076923,75,4,91.9294871795,155.783
8.1381578947,76,4,91.9342105263,151.193
8.41875,77,4,91.6125,159.15
8.3841059603,78,4,91.7086092715,150.748
8.3333333333,79,4,91.7516339869,152.242
8.4493670886,80,4,91.6708860759,157.66
7.76875,81,4,92.3125,159.089
9.064516129,82,4,90.9741935484,154.634
7.9107142857,83,4,92.1071428571,168.046
8.8060606061,84,4,91.2666666667,164.263
8.7577639752,85,4,91.3540372671,160.435
8.1739130435,86,4,91.8385093168,160.094
8.2929936306,87,4,91.8152866242,156.68
7.4756097561,88,4,92.5975609756,163.5
8.6666666667,89,4,91.3660130719,152.834
8.1294117647,90,4,91.9176470588,170.005
7.9210526316,91,4,92.1447368421,151.753
7.6871165644,92,4,92.3374233129,162.255
7.0930232558,93,4,92.9244186047,171.643
7.320754717,94,4,92.679245283,158.191
7.4152046784,95,4,92.6081871345,170.735
8.3846153846,96,4,91.6923076923,155.076
7.8246753247,97,4,92.2012987013,153.825
7.3251533742,98,4,92.6564417178,162.803
7.6342857143,99,4,92.5142857143,174.842
7.5094339623,100,4,92.5911949686,158.462
82.4444444444,1,8,15.1111111111,8.431
79.75,2,8,19.875,7.531
77.625,3,8,22,7.685
77.3333333333,4,8,22.2222222222,8.866
76.5555555556,5,8,23.3333333333,8.513
74.5555555556,6,8,25.2222222222,8.735
77.9090909091,7,8,22,10.05
77,8,8,23,10.259
75.0909090909,9,8,25.0909090909,10.521
75.9166666667,10,8,24.3333333333,11.621
74,11,8,25.8461538462,12.581
75.0714285714,12,8,24.7857142857,13.342
74.3333333333,13,8,25.6666666667,14.743
74.5333333333,14,8,25.4,14.32
76,15,8,24,17.042
75.2352941176,16,8,24.7058823529,16.605
75.5263157895,17,8,24.4210526316,18.203
75.2631578947,18,8,24.6842105263,18.568
75.2380952381,19,8,24.6666666667,20.36
74.4285714286,20,8,25.6666666667,20.492
73.4,21,8,26.7,19.686
73.9523809524,22,8,26.0952380952,20.18
73.7272727273,23,8,26.3636363636,21.777
72.7826086957,24,8,27.1739130435,22.101
72.9166666667,25,8,27.125,23.297
71,26,8,29,22.997
71.48,27,8,28.6,24.591
71.12,28,8,29.04,24.372
70.4166666667,29,8,29.625,23.902
70.2307692308,30,8,29.6923076923,25.706
70.5185185185,31,8,29.4814814815,26.29
70.2962962963,32,8,29.7407407407,26.316
68.8620689655,33,8,31.0344827586,28.361
68.9310344828,34,8,31.0344827586,28.198
68.8,35,8,31.3666666667,29.364
70,36,8,30.125,31.037
68.064516129,37,8,32.0322580645,30.154
66.6129032258,38,8,33.4193548387,30.762
65.78125,39,8,34.3125,31.403
66.2424242424,40,8,33.9090909091,32.25
64.6944444444,41,8,35.3611111111,35.951
56.8048780488,42,8,43.243902439,40.903
58.5714285714,43,8,41.5714285714,41.212
56.5227272727,44,8,43.5454545455,43.196
57.0681818182,45,8,42.9545454545,43.209
56.2391304348,46,8,43.7608695652,45.382
56.8695652174,47,8,43.1739130435,45.073
57.1666666667,48,8,42.7291666667,47.42
56,49,8,44.0652173913,45.767
55.5625,50,8,44.4375,47.465
56.0816326531,51,8,44.0612244898,48.873
55.2941176471,52,8,44.7254901961,50.122
56.1836734694,53,8,43.8367346939,48.21
54.5471698113,54,8,45.5471698113,52.728
54.5576923077,55,8,45.4807692308,51.533
56.9137931034,56,8,43.0517241379,57.481
54.1052631579,57,8,45.8070175439,56.986
52.7857142857,58,8,47.3214285714,55.057
52.2105263158,59,8,47.8070175439,56.424
51.2881355932,60,8,48.593220339,59.009
52.1475409836,61,8,48.0163934426,60.462
51.8253968254,62,8,48.1904761905,62.138
48.8939393939,63,8,51.2272727273,65.792
49.3939393939,64,8,50.6818181818,65.725
49.2428571429,65,8,50.7857142857,69.332
49.5217391304,66,8,50.5507246377,68.042
46.7162162162,67,8,53.3108108108,73.808
46.6301369863,68,8,53.4109589041,72.887
45.6835443038,69,8,54.4936708861,78.383
44.1927710843,70,8,55.7831325301,82.402
43.2340425532,71,8,56.829787234,93.469
37.74,72,8,62.33,99.581
36.2242990654,73,8,63.7943925234,106.119
36.3269230769,74,8,63.6346153846,103.369
39.2621359223,75,8,60.7572815534,102.614
35.3636363636,76,8,64.6909090909,109.409
35.7884615385,77,8,64.1923076923,103.746
36.7326732673,78,8,63.297029703,100.966
35.6972477064,79,8,64.3394495413,108.177
35.3482142857,80,8,64.6964285714,111.92
34.3425925926,81,8,65.6388888889,107.73
35.1403508772,82,8,64.8859649123,113.84
35.3137254902,83,8,64.7352941176,101.478
35.7027027027,84,8,64.3063063063,110.09
35.858490566,85,8,64.1509433962,105.244
34.2685185185,86,8,65.7407407407,107.651
35.0980392157,87,8,64.8823529412,101.32
35.1523809524,88,8,64.8857142857,104.661
33.6422018349,89,8,66.3027522936,108.98
34.3980582524,90,8,65.5533980583,102.896
33.3090909091,91,8,66.6727272727,109.087
34.2380952381,92,8,65.6285714286,104.355
33.6126126126,93,8,66.4144144144,110.433
33.4112149533,94,8,66.5700934579,106.159
33.5887850467,95,8,66.4018691589,106.398
33.476635514,96,8,66.5327102804,106.384
30.3965517241,97,8,69.5689655172,115.57
34,98,8,65.9339622642,105.372
33.0666666667,99,8,66.9047619048,104.581
32.3644859813,100,8,67.5887850467,106.462
